60794 2490 55590 0311 55773 5550 61582 6451 55625 2336 55925 5486 56525 4680  99410 14007 64907 700093 61006 57637 48984 74893 93244 02214 18218 09360 77341 72406 33907 33407 29960 41446 18161 13877 00565 45883 30121 84907 71226 74731 63965 93342 70465 54374 33598 21765 33154 89855 18670 71653 18132 75573 23129 16740 60574 13987 97593 29546 10174 05435 23364 84176 14649 663411 34204 95397 74243 24967 58428 52912 38204 52008 76850 1613 69701 77935 03878 94653 73258 20678 59940 68728 78441 339648 79169 7438 9864









