55225522 585858 4747 4774 4774 114741 96969636 369369 


456456456 456456 654654 654654 789789789 987987 778899


58584747 969685 58584747 183 1258521 1255331 2112 3535 


 273 21378513 25185 23931 252525 1414 14141 2211 2333 23724


80080 400+00 900909 800800 500500 6000666 707070 202002 3030601000 


4477 4477 7474 4747 151515 585858 646464 969696 363636 


252525 852258 582258 471147 714471 358358 500800 41700 


564456 654 456456 654654 778888 9658 008585 9696 789 789987 


18596 4774 4554 45566 654 456654 828282 717171 939393 5858


564546 7575 8686 9494 7373  7733 2255 2299++ ++777++ 8+8+9+89+











